1.060000000000000000e+02
1.840000000000000000e+02
2.350000000000000000e+02
2.710000000000000000e+02
3.050000000000000000e+02
3.290000000000000000e+02
3.470000000000000000e+02
3.680000000000000000e+02
3.820000000000000000e+02
3.940000000000000000e+02
4.050000000000000000e+02
4.110000000000000000e+02
4.200000000000000000e+02
4.210000000000000000e+02
4.210000000000000000e+02
4.260000000000000000e+02
4.210000000000000000e+02
4.180000000000000000e+02
4.120000000000000000e+02
4.050000000000000000e+02
3.930000000000000000e+02
3.820000000000000000e+02
3.680000000000000000e+02
3.490000000000000000e+02
3.270000000000000000e+02
3.040000000000000000e+02
2.710000000000000000e+02
2.350000000000000000e+02
1.830000000000000000e+02
1.070000000000000000e+02
-1.411883604948926951e+00
-1.317736030144847748e+00
-1.223588455340768544e+00
-1.129440880536689340e+00
-1.035293305732610136e+00
-9.411457309285309325e-01
-8.469981561244518398e-01
-7.528505813203726360e-01
-6.587030065162934322e-01
-5.645554317122142285e-01
-4.704078569081350247e-01
-3.762602821040559320e-01
-2.821127072999767282e-01
-1.879651324958975245e-01
-9.381755769181832072e-02
3.300171122608830387e-04
9.447759191634008680e-02
1.886251667204192906e-01
2.827727415244984943e-01
3.769203163285776981e-01
4.710678911326569018e-01
5.652154659367361056e-01
6.593630407408150873e-01
7.535106155448945131e-01
8.476581903489734948e-01
9.418057651530529206e-01
1.035953339957131902e+00
1.130100914761211328e+00
1.224248489565290310e+00
1.318396064369369736e+00
1.412543639173448495e+00
